1 Ovrd 10
2 M_out(13)=0
3 Mov p1
4 Dly 2
5 M_out(4)=1
6 Mov p2
7 Dly 2
8 Mov p3
9 Dly 1
10 M_out(4)=0
11 Dly 1
12 Mov p4
13 Dly 1
14 Mov p5
15 Dly 1
16 Mov p6
17 Dly 1
18 M_out(4)=1
19 Dly 1
20 Mov p7
21 Dly 1
22 Mov p8
23 Dly 1
24 M_Out(4)=0
25 Dly 1
26 Mov p9
27 Dly 1
28 Mov p10
29 Dly 1
30 Mov p11
31 Dly 1
32 M_out(4)=1
33 Dly 1
34 Mov p12
35 Dly 1
36 Mov p13
37 Dly 1
38 M_out(4)=0
39 Dly 1
40 Mov p14
41 Dly 1
42 Mov p15
43 Dly 1
44 Mov p16
45 Dly 1
46 M_out(4)=1
47 Dly 1
48 Mov p17
49 Dly 1
50 M_out(13)=1
51 Mov p18
52 Dly 2
53 Mov p19
54 M_out(13)=0
55 Dly 600
p1=(-116.940,278.020,515.980,178.360,-1.440,-47.950)(7,0)
p2=(-116.940,278.020,294.350,178.360,-1.440,-47.950)(7,0)
p3=(-108.380,395.630,225.580,178.370,-1.450,-47.950)(7,0)
p4=(-108.380,395.630,426.450,178.370,-1.450,-47.950)(7,0)
p5=(117.460,363.210,426.450,178.370,-1.450,-47.950)(7,0)
p6=(117.460,363.210,361.940,178.370,-1.450,-47.950)(7,0)
p7=(220.870,185.410,361.940,178.370,-1.450,-47.950)(7,0)
p8=(220.870,180.880,224.130,178.370,-1.450,-47.950)(7,0)
p9=(220.870,180.880,443.140,178.370,-1.450,-47.950)(7,0)
p10=(118.110,365.050,443.140,178.370,-1.450,-47.950)(7,0)
p11=(118.110,365.050,396.420,178.370,-1.450,-47.950)(7,0)
p12=(-96.250,324.610,396.420,178.370,-1.450,-47.950)(7,0)
p13=(-92.850,321.950,247.450,178.370,-1.450,-47.950)(7,0)
p14=(-92.850,315.900,460.610,178.370,-1.450,-47.950)(7,0)
p15=(100.120,419.790,460.610,178.990,2.730,125.810)(7,15728640)
p16=(99.370,418.850,420.670,178.980,2.720,125.820)(7,15728640)
p17=(101.100,423.820,444.410,178.750,2.500,119.530)(7,15728640)
p18=(101.100,423.820,367.360,178.750,2.500,119.530)(7,15728640)
p19=(101.100,423.820,432.510,178.750,2.500,119.530)(7,15728640)
